50
30
16
58
1
91
38
60
61
96
74
8
52
83
97
73
29
34
44
21
32
23
16
30
68
8
56
93
42
94
94
82
89
64
64
24
93
14
53
32
95
9
49
83
32
83
86
51
78
43
50
18
23
6
8
33
87
89
79
63
40
98
61
27
18
19
37
48
1
85
13
27
21
51
55
68
51
10
74
50
18
7
90
87
39
87
89
32
90
25
50
68
24
64
70
14
18
34
36
79
93
1
33
26
68
97
81
22
49
17
89
37
33
40
11
95
98
1
84
81
66
26
3
46
96
47
30
47
12
76
51
78
38
89
81
92
27
71
75
33
61
2
88
85
23
38
20
38
23
100
84
56
15
2
49
40
64
76
85
29
77
46
3
78
34
17
66
8
12
23
46
91
64
5
66
5
2
47
56
61
50
84
90
68
32
44
32
45
55
10
73
47
51
36
69
30
59
10
47
72
19
76
95
13
95
76
83
81
39
43
3
65
51
60
20
42
41
11
57
90
33
23
95
52
15
1
38
56
23
24
96
78
5
81
93
5
18
93
69
94
86
80
13
49
55
63
47
57
61
84
